20.0
30
30
347.89321381455187 32.0 0
468.68555210982254 85.0 0
430.3144480259127 61.0 0
86.64277361806676 55.0 0
218.90109913223358 120.0 0
67.4571954786028 30.0 0
359.358153541834 126.0 0
14.205244739162586 73.0 0
286.9907963557943 108.0 0
239.0563698099189 58.0 0
318.78318216475776 137.0 0
255.5854226774297 74.0 0
229.6381915757978 27.0 0
365.17466351329386 95.0 0
293.58884262101145 75.0 0
112.62728705831003 76.0 0
307.27988554211356 93.0 0
349.73909451006335 93.0 0
95.7441527142054 33.0 0
318.29390520918554 76.0 1
381.7852220822019 38.0 0
249.61693515235206 106.0 0
20.923103760269083 34.0 0
452.9916238571586 105.0 0
401.3997437683586 95.0 0
123.82847020794676 115.0 0
409.0801736894017 130.0 0
472.1146536081123 139.0 0
445.9443867035883 60.0 0
282.43249392822685 53.0 0
